1 221 1
1 223 1
1 226 1
2 235 1
2 250 1
2 251 1
3 234 1
3 244 1
3 247 1
3 248 1
4 221 1
4 223 1
4 225 1
4 226 1
5 221 1
5 224 1
5 240 1
5 241 1
5 242 1
5 243 1
5 247 1
5 248 1
6 240 1
7 221 1
7 250 1
7 251 1
8 221 1
9 221 1
9 223 1
9 231 1
10 245 1
11 240 1
13 221 1
13 224 1
13 235 1
13 241 1
14 235 1
15 221 1
15 223 1
16 249 1
17 235 1
17 236 1
18 224 1
18 240 1
18 241 1
18 242 1
18 243 1
19 221 1
19 223 1
20 224 1
20 235 1
20 237 1
20 244 1
20 247 1
20 248 1
20 250 1
21 221 1
21 224 1
21 235 1
21 236 1
21 247 1
21 248 1
22 235 1
22 236 1
23 235 1
24 249 1
25 235 1
25 245 1
26 221 1
26 223 1
26 225 1
26 226 1
26 233 1
26 238 1
26 239 1
27 240 1
28 246 1
30 253 1
33 235 1
34 235 1
35 221 1
35 223 1
35 224 1
35 225 1
35 228 1
35 231 1
35 232 1
35 233 1
35 235 1
35 236 1
35 238 1
35 239 1
36 221 1
36 223 1
38 235 1
39 249 1
40 221 1
40 223 1
41 235 1
42 234 1
43 223 1
43 253 1
45 249 1
46 253 1
47 235 1
47 236 1
48 221 1
48 223 1
49 235 1
51 221 1
51 223 1
51 235 1
52 235 1
53 221 1
53 235 1
53 240 1
54 247 1
55 235 1
56 249 1
57 249 1
58 235 1
58 236 1
59 223 1
59 226 1
59 228 1
59 248 1
60 221 1
60 228 1
60 245 1
60 247 1
61 235 1
61 236 1
61 244 1
62 250 1
64 221 1
65 235 1
69 221 1
69 223 1
70 221 1
70 223 1
71 235 1
72 244 1
72 247 1
72 248 1
73 221 1
73 223 1
73 235 1
73 236 1
73 249 1
73 250 1
74 249 1
75 221 1
76 221 1
76 234 1
76 235 1
76 245 1
76 247 1
76 249 1
78 249 1
79 221 1
79 229 1
81 235 1
81 236 1
81 237 1
82 221 1
82 223 1
83 235 1
83 236 1
85 245 1
85 246 1
86 221 1
86 228 1
87 235 1
87 236 1
87 245 1
87 249 1
88 240 1
88 241 1
88 242 1
88 243 1
90 249 1
91 244 1
93 221 1
93 223 1
94 221 1
94 223 1
94 235 1
94 236 1
95 235 1
96 234 1
96 244 1
97 221 1
97 223 1
97 231 1
98 231 1
98 237 1
99 221 1
99 224 1
99 228 1
99 235 1
100 221 1
100 223 1
101 234 1
102 221 1
102 223 1
102 224 1
102 237 1
102 247 1
102 248 1
102 249 1
103 223 1
103 226 1
103 228 1
104 237 1
105 221 1
105 223 1
105 240 1
105 243 1
106 223 1
106 226 1
106 228 1
107 221 1
107 223 1
107 226 1
107 228 1
107 245 1
107 249 1
108 221 1
109 221 1
109 235 1
109 236 1
110 235 1
111 221 1
111 223 1
111 224 1
111 234 1
111 237 1
111 249 1
111 251 1
112 226 1
113 222 1
113 223 1
113 224 1
113 233 1
113 235 1
113 236 1
113 237 1
113 238 1
113 239 1
113 244 1
113 245 1
113 249 1
113 252 1
116 224 1
116 240 1
116 241 1
116 242 1
116 243 1
118 231 1
119 221 1
120 224 1
120 240 1
120 241 1
120 242 1
120 243 1
121 223 1
121 226 1
121 228 1
122 221 1
123 249 1
126 237 1
127 221 1
127 223 1
130 223 1
130 226 1
130 228 1
131 221 1
132 231 1
132 249 1
132 253 1
133 249 1
134 235 1
137 221 1
137 223 1
137 232 1
137 235 1
137 237 1
138 223 1
138 235 1
138 236 1
139 221 1
139 223 1
139 230 1
139 233 1
139 235 1
139 237 1
139 238 1
139 239 1
139 240 1
139 242 1
139 246 1
139 249 1
139 250 1
139 252 1
139 253 1
140 235 1
141 235 1
142 240 1
142 241 1
142 242 1
143 221 1
143 235 1
143 249 1
144 235 1
144 236 1
145 225 1
145 228 1
146 249 1
147 230 1
147 249 1
148 249 1
149 235 1
150 235 1
151 221 1
151 225 1
151 226 1
152 221 1
152 223 1
152 249 1
153 235 1
153 236 1
153 245 1
154 235 1
155 235 1
156 221 1
156 223 1
158 221 1
158 223 1
160 235 1
161 221 1
161 223 1
161 231 1
162 221 1
162 223 1
163 235 1
166 224 1
166 233 1
166 237 1
166 238 1
166 239 1
166 251 1
167 235 1
167 244 1
167 247 1
167 248 1
168 244 1
169 221 1
171 221 1
172 235 1
172 236 1
173 249 1
174 249 1
176 224 1
176 240 1
176 241 1
176 242 1
176 243 1
177 235 1
177 236 1
178 247 1
178 248 1
179 247 1
180 251 1
181 247 1
181 248 1
181 251 1
183 252 1
184 250 1
185 230 1
185 240 1
185 241 1
185 242 1
185 243 1
185 252 1
186 234 1
188 250 1
188 253 1
189 234 1
190 234 1
191 221 1
191 223 1
191 249 1
192 223 1
193 249 1
194 231 1
195 231 1
196 234 1
196 235 1
196 244 1
196 245 1
196 247 1
196 249 1
201 234 1
201 235 1
201 244 1
201 245 1
201 247 1
201 249 1
202 240 1
202 241 1
202 242 1
202 243 1
203 235 1
203 236 1
204 247 1
204 248 1
205 245 1
206 245 1
207 247 1
207 248 1
208 224 1
208 240 1
208 241 1
208 242 1
208 243 1
209 235 1
210 221 1
210 223 1
210 224 1
210 226 1
210 237 1
210 240 1
210 241 1
210 242 1
210 243 1
211 223 1
211 240 1
211 241 1
211 242 1
212 235 1
213 245 1
214 222 1
214 235 1
214 247 1
214 248 1
215 222 1
215 252 1
216 228 1
216 235 1
216 236 1
217 228 1
218 228 1
219 228 1
219 235 1
219 236 1
66 226 0
5 238 0
204 252 0
97 232 0
108 245 0
58 252 0
23 243 0
195 235 0
131 223 0
33 221 0
98 227 0
46 220 0
9 241 0
25 230 0
84 237 0
105 224 0
36 233 0
157 251 0
69 222 0
185 239 0
187 248 0
42 251 0
159 246 0
62 223 0
35 240 0
82 225 0
73 227 0
152 253 0
124 251 0
169 243 0
21 238 0
200 233 0
148 233 0
134 252 0
115 222 0
210 235 0
69 224 0
152 246 0
202 226 0
185 253 0
194 230 0
115 227 0
170 234 0
69 242 0
7 247 0
62 247 0
45 241 0
201 240 0
92 247 0
19 245 0
127 250 0
4 242 0
100 225 0
150 238 0
190 247 0
25 249 0
102 250 0
65 248 0
85 235 0
52 228 0
83 253 0
140 229 0
44 234 0
143 233 0
7 234 0
48 253 0
88 229 0
38 227 0
6 228 0
219 234 0
217 220 0
100 248 0
44 244 0
31 234 0
197 251 0
46 227 0
27 231 0
170 229 0
57 227 0
157 219 0
183 243 0
51 252 0
205 230 0
80 246 0
190 230 0
40 225 0
122 219 0
173 233 0
26 235 0
143 247 0
20 232 0
147 222 0
71 228 0
149 238 0
13 246 0
169 238 0
3 243 0
218 239 0
71 220 0
75 234 0
82 244 0
206 227 0
174 234 0
206 240 0
58 230 0
58 247 0
143 239 0
17 251 0
79 231 0
72 223 0
133 247 0
59 245 0
170 230 0
69 243 0
12 219 0
72 230 0
53 219 0
66 243 0
174 222 0
204 238 0
19 231 0
202 252 0
100 228 0
204 219 0
90 226 0
151 243 0
84 245 0
112 235 0
218 246 0
23 251 0
139 229 0
205 247 0
181 220 0
138 253 0
120 228 0
41 250 0
187 234 0
198 230 0
156 239 0
110 250 0
72 226 0
86 247 0
94 228 0
194 240 0
86 222 0
137 247 0
120 231 0
192 237 0
77 247 0
204 245 0
114 244 0
183 251 0
124 252 0
10 237 0
64 251 0
155 247 0
127 245 0
168 232 0
75 229 0
67 221 0
153 251 0
194 232 0
81 252 0
65 227 0
140 250 0
117 243 0
171 220 0
30 220 0
198 224 0
201 228 0
34 247 0
148 237 0
127 238 0
75 252 0
145 223 0
171 251 0
43 229 0
51 247 0
215 250 0
102 228 0
19 242 0
138 241 0
110 247 0
163 247 0
210 222 0
16 225 0
80 249 0
153 220 0
25 253 0
179 248 0
23 227 0
96 221 0
168 228 0
182 223 0
210 219 0
178 227 0
44 240 0
115 221 0
117 222 0
54 237 0
186 235 0
13 251 0
118 225 0
119 220 0
197 252 0
4 220 0
10 243 0
112 241 0
216 223 0
91 249 0
39 243 0
74 244 0
20 222 0
9 230 0
140 227 0
85 220 0
164 242 0
28 228 0
100 226 0
140 239 0
172 249 0
145 253 0
24 251 0
81 247 0
172 247 0
77 220 0
29 222 0
179 236 0
142 219 0
85 221 0
111 243 0
77 228 0
62 222 0
13 222 0
31 236 0
19 224 0
6 236 0
37 221 0
154 221 0
182 226 0
192 239 0
41 248 0
38 253 0
83 248 0
213 229 0
52 224 0
45 245 0
148 241 0
11 228 0
146 230 0
142 222 0
166 249 0
75 248 0
148 236 0
92 238 0
53 237 0
120 236 0
210 236 0
170 242 0
40 227 0
38 224 0
157 236 0
9 243 0
11 242 0
78 220 0
83 221 0
162 251 0
128 241 0
165 251 0
104 242 0
61 226 0
206 235 0
203 238 0
35 237 0
126 228 0
59 239 0
145 251 0
31 221 0
88 246 0
100 250 0
46 222 0
4 247 0
144 253 0
206 228 0
102 253 0
115 242 0
198 241 0
141 247 0
82 234 0
106 231 0
30 241 0
95 245 0
6 244 0
81 228 0
109 233 0
77 243 0
171 236 0
208 245 0
129 233 0
158 237 0
123 235 0
199 247 0
100 222 0
11 220 0
69 226 0
202 230 0
32 249 0
163 228 0
90 230 0
17 250 0
19 229 0
172 241 0
20 221 0
37 249 0
101 235 0
198 235 0
80 229 0
136 235 0
30 221 0
105 246 0
130 234 0
65 237 0
38 248 0
107 242 0
214 232 0
73 248 0
100 238 0
124 229 0
34 230 0
60 246 0
1 225 0
103 229 0
54 249 0
149 250 0
115 240 0
70 243 0
81 233 0
195 252 0
8 244 0
166 246 0
159 240 0
37 236 0
115 250 0
22 237 0
157 240 0
192 238 0
109 249 0
104 252 0
91 231 0
115 241 0
21 227 0
80 225 0
82 248 0
31 237 0
17 246 0
96 253 0
88 219 0
70 237 0
175 231 0
180 235 0
214 221 0
40 245 0
45 222 0
95 242 0
178 251 0
51 219 0
201 253 0
147 226 0
118 227 0
170 226 0
212 252 0
48 225 0
67 233 0
120 233 0
129 226 0
124 226 0
90 231 0
165 224 0
129 235 0
52 222 0
213 227 0
5 225 0
183 220 0
109 240 0
203 252 0
91 237 0
162 220 0
178 242 0
2 242 0
139 226 0
32 247 0
87 231 0
138 228 0
156 234 0
47 246 0
11 235 0
26 244 0
19 235 0
107 233 0
143 244 0
199 225 0
152 244 0
39 231 0
69 247 0
51 249 0
193 253 0
26 245 0
92 252 0
214 252 0
110 226 0
184 230 0
25 252 0
18 221 0
117 229 0
21 225 0
88 220 0
128 228 0
59 230 0
201 227 0
150 224 0
198 222 0
128 243 0
182 241 0
74 228 0
72 224 0
22 242 0
187 251 0
172 250 0
132 237 0
34 238 0
170 224 0
63 233 0
142 226 0
149 230 0
219 219 0
24 238 0
117 223 0
173 231 0
114 236 0
77 221 0
194 242 0
56 250 0
114 227 0
174 236 0
146 224 0
11 244 0
172 223 0
138 238 0
92 248 0
60 234 0
23 229 0
192 234 0
60 219 0
213 240 0
47 222 0
