455
1 221 1
1 223 1
1 226 1
2 235 1
2 250 1
2 251 1
3 234 1
3 244 1
3 247 1
3 248 1
4 221 1
4 223 1
4 225 1
4 226 1
5 221 1
5 224 1
5 240 1
5 241 1
5 242 1
5 243 1
5 247 1
5 248 1
6 240 1
7 221 1
7 250 1
7 251 1
8 221 1
9 221 1
9 223 1
9 231 1
10 245 1
11 240 1
13 221 1
13 224 1
13 235 1
13 241 1
14 235 1
15 221 1
15 223 1
16 249 1
17 235 1
17 236 1
18 224 1
18 240 1
18 241 1
18 242 1
18 243 1
19 221 1
19 223 1
20 224 1
20 235 1
20 237 1
20 244 1
20 247 1
20 248 1
20 250 1
21 221 1
21 224 1
21 235 1
21 236 1
21 247 1
21 248 1
22 235 1
22 236 1
23 235 1
24 249 1
25 235 1
25 245 1
26 221 1
26 223 1
26 225 1
26 226 1
26 233 1
26 238 1
26 239 1
27 240 1
28 246 1
30 253 1
33 235 1
34 235 1
35 221 1
35 223 1
35 224 1
35 225 1
35 228 1
35 231 1
35 232 1
35 233 1
35 235 1
35 236 1
35 238 1
35 239 1
36 221 1
36 223 1
38 235 1
39 249 1
40 221 1
40 223 1
41 235 1
42 234 1
43 223 1
43 253 1
45 249 1
46 253 1
47 235 1
47 236 1
48 221 1
48 223 1
49 235 1
51 221 1
51 223 1
51 235 1
52 235 1
53 221 1
53 235 1
53 240 1
54 247 1
55 235 1
56 249 1
57 249 1
58 235 1
58 236 1
59 223 1
59 226 1
59 228 1
59 248 1
60 221 1
60 228 1
60 245 1
60 247 1
61 235 1
61 236 1
61 244 1
62 250 1
64 221 1
65 235 1
69 221 1
69 223 1
70 221 1
70 223 1
71 235 1
72 244 1
72 247 1
72 248 1
73 221 1
73 223 1
73 235 1
73 236 1
73 249 1
73 250 1
74 249 1
75 221 1
76 221 1
76 234 1
76 235 1
76 245 1
76 247 1
76 249 1
78 249 1
79 221 1
79 229 1
81 235 1
81 236 1
81 237 1
82 221 1
82 223 1
83 235 1
83 236 1
85 245 1
85 246 1
86 221 1
86 228 1
87 235 1
87 236 1
87 245 1
87 249 1
88 240 1
88 241 1
88 242 1
88 243 1
90 249 1
91 244 1
93 221 1
93 223 1
94 221 1
94 223 1
94 235 1
94 236 1
95 235 1
96 234 1
96 244 1
97 221 1
97 223 1
97 231 1
98 231 1
98 237 1
99 221 1
99 224 1
99 228 1
99 235 1
100 221 1
100 223 1
101 234 1
102 221 1
102 223 1
102 224 1
102 237 1
102 247 1
102 248 1
102 249 1
103 223 1
103 226 1
103 228 1
104 237 1
105 221 1
105 223 1
105 240 1
105 243 1
106 223 1
106 226 1
106 228 1
107 221 1
107 223 1
107 226 1
107 228 1
107 245 1
107 249 1
108 221 1
109 221 1
109 235 1
109 236 1
110 235 1
111 221 1
111 223 1
111 224 1
111 234 1
111 237 1
111 249 1
111 251 1
112 226 1
113 222 1
113 223 1
113 224 1
113 233 1
113 235 1
113 236 1
113 237 1
113 238 1
113 239 1
113 244 1
113 245 1
113 249 1
113 252 1
116 224 1
116 240 1
116 241 1
116 242 1
116 243 1
118 231 1
119 221 1
120 224 1
120 240 1
120 241 1
120 242 1
120 243 1
121 223 1
121 226 1
121 228 1
122 221 1
123 249 1
126 237 1
127 221 1
127 223 1
130 223 1
130 226 1
130 228 1
131 221 1
132 231 1
132 249 1
132 253 1
133 249 1
134 235 1
137 221 1
137 223 1
137 232 1
137 235 1
137 237 1
138 223 1
138 235 1
138 236 1
139 221 1
139 223 1
139 230 1
139 233 1
139 235 1
139 237 1
139 238 1
139 239 1
139 240 1
139 242 1
139 246 1
139 249 1
139 250 1
139 252 1
139 253 1
140 235 1
141 235 1
142 240 1
142 241 1
142 242 1
143 221 1
143 235 1
143 249 1
144 235 1
144 236 1
145 225 1
145 228 1
146 249 1
147 230 1
147 249 1
148 249 1
149 235 1
150 235 1
151 221 1
151 225 1
151 226 1
152 221 1
152 223 1
152 249 1
153 235 1
153 236 1
153 245 1
154 235 1
155 235 1
156 221 1
156 223 1
158 221 1
158 223 1
160 235 1
161 221 1
161 223 1
161 231 1
162 221 1
162 223 1
163 235 1
166 224 1
166 233 1
166 237 1
166 238 1
166 239 1
166 251 1
167 235 1
167 244 1
167 247 1
167 248 1
168 244 1
169 221 1
171 221 1
172 235 1
172 236 1
173 249 1
174 249 1
176 224 1
176 240 1
176 241 1
176 242 1
176 243 1
177 235 1
177 236 1
178 247 1
178 248 1
179 247 1
180 251 1
181 247 1
181 248 1
181 251 1
183 252 1
184 250 1
185 230 1
185 240 1
185 241 1
185 242 1
185 243 1
185 252 1
186 234 1
188 250 1
188 253 1
189 234 1
190 234 1
191 221 1
191 223 1
191 249 1
192 223 1
193 249 1
194 231 1
195 231 1
196 234 1
196 235 1
196 244 1
196 245 1
196 247 1
196 249 1
201 234 1
201 235 1
201 244 1
201 245 1
201 247 1
201 249 1
202 240 1
202 241 1
202 242 1
202 243 1
203 235 1
203 236 1
204 247 1
204 248 1
205 245 1
206 245 1
207 247 1
207 248 1
208 224 1
208 240 1
208 241 1
208 242 1
208 243 1
209 235 1
210 221 1
210 223 1
210 224 1
210 226 1
210 237 1
210 240 1
210 241 1
210 242 1
210 243 1
211 223 1
211 240 1
211 241 1
211 242 1
212 235 1
213 245 1
214 222 1
214 235 1
214 247 1
214 248 1
215 222 1
215 252 1
216 228 1
216 235 1
216 236 1
217 228 1
218 228 1
219 228 1
219 235 1
219 236 1
